255 255 255 255 255 255 255 255 255 255 255 255 255 255 255 255
255 255 255 255 255 255 255 255 255 255 255 255 255 255 255 255
255 255   0   0   0   0   0   0   0   0   0   0   0   0 255 255
255 255   0   0   0   0   0   0   0   0   0   0   0   0 255 255
255 255   0   0   0   0   0   0   0   0   0   0   0   0 255 255
255 255   0   0   0 255 255 255 255 255 255   0   0   0 255 255
255 255   0   0   0 255 255 255 255 255 255   0   0   0 255 255
255 255   0   0   0 255 255 255 255 255 255   0   0   0 255 255
255 255   0   0   0 255 255 255 255 255 255   0   0   0 255 255
255 255   0   0   0 255 255 255 255 255 255   0   0   0 255 255
255 255   0   0   0 255 255 255 255 255 255   0   0   0 255 255
255 255   0   0   0   0   0   0   0   0   0   0   0   0 255 255
255 255   0   0   0   0   0   0   0   0   0   0   0   0 255 255
255 255   0   0   0   0   0   0   0   0   0   0   0   0 255 255
255 255 255 255 255 255 255 255 255 255 255 255 255 255 255 255
255 255 255 255 255 255 255 255 255 255 255 255 255 255 255 255
255 255 255 255 255 255 255 255 255 255 255 255 255 255 255 255
255 255 255 255 255 255 255 255 255 255 255 255 255 255 255 255
255 255   0   0   0   0   0   0   0   0   0   0   0   0 255 255
255 255   0   0   0   0   0   0   0   0   0   0   0   0 255 255
255 255   0   0   0   0   0   0   0   0   0   0   0   0 255 255
255 255   0   0   0 255 255 255 255 255 255   0   0   0 255 255
255 255   0   0   0 255 255 255 255 255 255   0   0   0 255 255
255 255   0   0   0 255 255 255 255 255 255   0   0   0 255 255
255 255   0   0   0 255 255 255 255 255 255   0   0   0 255 255
255 255   0   0   0 255 255 255 255 255 255   0   0   0 255 255
255 255   0   0   0 255 255 255 255 255 255   0   0   0 255 255
255 255   0   0   0   0   0   0   0   0   0   0   0   0 255 255
255 255   0   0   0   0   0   0   0   0   0   0   0   0 255 255
255 255   0   0   0   0   0   0   0   0   0   0   0   0 255 255
255 255 255 255 255 255 255 255 255 255 255 255 255 255 255 255
255 255 255 255 255 255 255 255 255 255 255 255 255 255 255 255
255 255 255 255 255 255 255 255 255 255 255 255 255 255 255 255
255 255 255 255 255 255 255 255 255 255 255 255 255 255 255 255
255 255   0   0   0   0   0   0   0   0   0   0   0   0 255 255
255 255   0   0   0   0   0   0   0   0   0   0   0   0 255 255
255 255   0   0   0   0   0   0   0   0   0   0   0   0 255 255
255 255   0   0   0 255 255 255 255 255 255   0   0   0 255 255
255 255   0   0   0 255 255 255 255 255 255   0   0   0 255 255
255 255   0   0   0 255 255 255 255 255 255   0   0   0 255 255
255 255   0   0   0 255 255 255 255 255 255   0   0   0 255 255
255 255   0   0   0 255 255 255 255 255 255   0   0   0 255 255
255 255   0   0   0 255 255 255 255 255 255   0   0   0 255 255
255 255   0   0   0   0   0   0   0   0   0   0   0   0 255 255
255 255   0   0   0   0   0   0   0   0   0   0   0   0 255 255
255 255   0   0   0   0   0   0   0   0   0   0   0   0 255 255
255 255 255 255 255 255 255 255 255 255 255 255 255 255 255 255
255 255 255 255 255 255 255 255 255 255 255 255 255 255 255 255

255 255 255 255 255 255 255 255 255 255 255 255 255 255 255 255
255 214 152 152 152 152 152 152 152 152 152 152 152 152 214 255
255 152   0   0   0   0   0   0   0   0   0   0   0   0 152 255
255 152   0   0   0   0   0   0   0   0   0   0   0   0 152 255
255 152   0   0  10  51  51  51  51  51  51  10   0   0 152 255
255 152   0   0  51 255 229 227 227 229 255  51   0   0 152 255
255 152   0   0  51 229 247 255 255 247 229  51   0   0 152 255
255 152   0   0  51 228 255 255 255 255 227  51   0   0 152 255
255 152   0   0  51 227 255 255 255 255 227  51   0   0 152 255
255 152   0   0  51 229 247 255 255 247 229  51   0   0 152 255
255 152   0   0  51 255 229 228 228 229 255  51   0   0 152 255
255 152   0   0  10  51  51  51  51  51  51  10   0   0 152 255
255 152   0   0   0   0   0   0   0   0   0   0   0   0 152 255
255 152   0   0   0   0   0   0   0   0   0   0   0   0 152 255
255 214 152 152 152 152 152 152 152 152 152 152 152 152 214 255
255 255 255 255 255 255 255 255 255 255 255 255 255 255 255 255
255 255 255 255 255 255 255 255 255 255 255 255 255 255 255 255
255 214 152 152 152 152 152 152 152 152 152 152 152 152 214 255
255 152   0   0   0   0   0   0   0   0   0   0   0   0 152 255
255 152   0   0   0   0   0   0   0   0   0   0   0   0 152 255
255 152   0   0  10  51  51  51  51  51  51  10   0   0 152 255
255 152   0   0  51 255 229 227 227 229 255  51   0   0 152 255
255 152   0   0  51 229 247 255 255 247 229  51   0   0 152 255
255 152   0   0  51 228 255 255 255 255 227  51   0   0 152 255
255 152   0   0  51 227 255 255 255 255 227  51   0   0 152 255
255 152   0   0  51 229 247 255 255 247 229  51   0   0 152 255
255 152   0   0  51 255 229 228 228 229 255  51   0   0 152 255
255 152   0   0  10  51  51  51  51  51  51  10   0   0 152 255
255 152   0   0   0   0   0   0   0   0   0   0   0   0 152 255
255 152   0   0   0   0   0   0   0   0   0   0   0   0 152 255
255 214 152 152 152 152 152 152 152 152 152 152 152 152 214 255
255 255 255 255 255 255 255 255 255 255 255 255 255 255 255 255
255 255 255 255 255 255 255 255 255 255 255 255 255 255 255 255
255 214 152 152 152 152 152 152 152 152 152 152 152 152 214 255
255 152   0   0   0   0   0   0   0   0   0   0   0   0 152 255
255 152   0   0   0   0   0   0   0   0   0   0   0   0 152 255
255 152   0   0  10  51  51  51  51  51  51  10   0   0 152 255
255 152   0   0  51 255 229 227 227 229 255  51   0   0 152 255
255 152   0   0  51 229 247 255 255 247 229  51   0   0 152 255
255 152   0   0  51 228 255 255 255 255 227  51   0   0 152 255
255 152   0   0  51 227 255 255 255 255 227  51   0   0 152 255
255 152   0   0  51 229 247 255 255 247 229  51   0   0 152 255
255 152   0   0  51 255 229 228 228 229 255  51   0   0 152 255
255 152   0   0  10  51  51  51  51  51  51  10   0   0 152 255
255 152   0   0   0   0   0   0   0   0   0   0   0   0 152 255
255 152   0   0   0   0   0   0   0   0   0   0   0   0 152 255
255 214 152 152 152 152 152 152 152 152 152 152 152 152 214 255
255 255 255 255 255 255 255 255 255 255 255 255 255 255 255 255

255 255 255 255 255 255 255 255 255 255 255 255 255 255 255 255
255 214 152 152 152 152 152 152 152 152 152 152 152 152 214 255
255 152   0   0   0   0   0   0   0   0   0   0   0   0 152 255
255 152   0   0   0   0   0   0   0   0   0   0   0   0 152 255
255 152   0   0  10  51  51  51  51  51  51  10   0   0 152 255
255 152   0   0  51 255 229 227 227 229 255  51   0   0 152 255
255 152   0   0  51 229 247 255 255 247 229  51   0   0 152 255
255 152   0   0  51 227 255 255 255 255 228  51   0   0 152 255
255 152   0   0  51 227 255 255 255 255 228  51   0   0 152 255
255 152   0   0  51 229 247 255 255 247 229  51   0   0 152 255
255 152   0   0  51 255 229 228 227 229 255  51   0   0 152 255
255 152   0   0  10  51  51  51  51  51  51  10   0   0 152 255
255 152   0   0   0   0   0   0   0   0   0   0   0   0 152 255
255 152   0   0   0   0   0   0   0   0   0   0   0   0 152 255
255 214 152 152 152 152 152 152 152 152 152 152 152 152 214 255
255 255 255 255 255 255 255 255 255 255 255 255 255 255 255 255
255 255 255 255 255 255 255 255 255 255 255 255 255 255 255 255
255 214 152 152 152 152 152 152 152 152 152 152 152 152 214 255
255 152   0   0   0   0   0   0   0   0   0   0   0   0 152 255
255 152   0   0   0   0   0   0   0   0   0   0   0   0 152 255
255 152   0   0  10  51  51  51  51  51  51  10   0   0 152 255
255 152   0   0  51 255 229 227 227 229 255  51   0   0 152 255
255 152   0   0  51 229 247 255 255 247 229  51   0   0 152 255
255 152   0   0  51 227 255 255 255 255 228  51   0   0 152 255
255 152   0   0  51 227 255 255 255 255 228  51   0   0 152 255
255 152   0   0  51 229 247 255 255 247 229  51   0   0 152 255
255 152   0   0  51 255 229 228 227 229 255  51   0   0 152 255
255 152   0   0  10  51  51  51  51  51  51  10   0   0 152 255
255 152   0   0   0   0   0   0   0   0   0   0   0   0 152 255
255 152   0   0   0   0   0   0   0   0   0   0   0   0 152 255
255 214 152 152 152 152 152 152 152 152 152 152 152 152 214 255
255 255 255 255 255 255 255 255 255 255 255 255 255 255 255 255
255 255 255 255 255 255 255 255 255 255 255 255 255 255 255 255
255 214 152 152 152 152 152 152 152 152 152 152 152 152 214 255
255 152   0   0   0   0   0   0   0   0   0   0   0   0 152 255
255 152   0   0   0   0   0   0   0   0   0   0   0   0 152 255
255 152   0   0  10  51  51  51  51  51  51  10   0   0 152 255
255 152   0   0  51 255 229 227 227 229 255  51   0   0 152 255
255 152   0   0  51 229 247 255 255 247 229  51   0   0 152 255
255 152   0   0  51 227 255 255 255 255 228  51   0   0 152 255
255 152   0   0  51 227 255 255 255 255 228  51   0   0 152 255
255 152   0   0  51 229 247 255 255 247 229  51   0   0 152 255
255 152   0   0  51 255 229 228 227 229 255  51   0   0 152 255
255 152   0   0  10  51  51  51  51  51  51  10   0   0 152 255
255 152   0   0   0   0   0   0   0   0   0   0   0   0 152 255
255 152   0   0   0   0   0   0   0   0   0   0   0   0 152 255
255 214 152 152 152 152 152 152 152 152 152 152 152 152 214 255
255 255 255 255 255 255 255 255 255 255 255 255 255 255 255 255

255 255 255 255 255 255 255 255 255 255 255 255 255 255 255 255
255 214 152 152 152 152 152 152 152 152 152 152 152 152 214 255
255 152   0   0   0   0   0   0   0   0   0   0   0   0 152 255
255 152   0   0   0   0   0   0   0   0   0   0   0   0 152 255
255 152   0   0  10  51  51  51  51  51  51  10   0   0 152 255
255 152   0   0  51 255 229 228 228 229 255  51   0   0 152 255
255 152   0   0  51 229 247 255 255 247 229  51   0   0 152 255
255 152   0   0  51 227 255 255 255 255 227  51   0   0 152 255
255 152   0   0  51 227 255 255 255 255 228  51   0   0 152 255
255 152   0   0  51 229 247 255 255 247 229  51   0   0 152 255
255 152   0   0  51 255 229 227 227 229 255  51   0   0 152 255
255 152   0   0  10  51  51  51  51  51  51  10   0   0 152 255
255 152   0   0   0   0   0   0   0   0   0   0   0   0 152 255
255 152   0   0   0   0   0   0   0   0   0   0   0   0 152 255
255 214 152 152 152 152 152 152 152 152 152 152 152 152 214 255
255 255 255 255 255 255 255 255 255 255 255 255 255 255 255 255
255 255 255 255 255 255 255 255 255 255 255 255 255 255 255 255
255 214 152 152 152 152 152 152 152 152 152 152 152 152 214 255
255 152   0   0   0   0   0   0   0   0   0   0   0   0 152 255
255 152   0   0   0   0   0   0   0   0   0   0   0   0 152 255
255 152   0   0  10  51  51  51  51  51  51  10   0   0 152 255
255 152   0   0  51 255 229 228 228 229 255  51   0   0 152 255
255 152   0   0  51 229 247 255 255 247 229  51   0   0 152 255
255 152   0   0  51 227 255 255 255 255 227  51   0   0 152 255
255 152   0   0  51 227 255 255 255 255 228  51   0   0 152 255
255 152   0   0  51 229 247 255 255 247 229  51   0   0 152 255
255 152   0   0  51 255 229 227 227 229 255  51   0   0 152 255
255 152   0   0  10  51  51  51  51  51  51  10   0   0 152 255
255 152   0   0   0   0   0   0   0   0   0   0   0   0 152 255
255 152   0   0   0   0   0   0   0   0   0   0   0   0 152 255
255 214 152 152 152 152 152 152 152 152 152 152 152 152 214 255
255 255 255 255 255 255 255 255 255 255 255 255 255 255 255 255
255 255 255 255 255 255 255 255 255 255 255 255 255 255 255 255
255 214 152 152 152 152 152 152 152 152 152 152 152 152 214 255
255 152   0   0   0   0   0   0   0   0   0   0   0   0 152 255
255 152   0   0   0   0   0   0   0   0   0   0   0   0 152 255
255 152   0   0  10  51  51  51  51  51  51  10   0   0 152 255
255 152   0   0  51 255 229 228 228 229 255  51   0   0 152 255
255 152   0   0  51 229 247 255 255 247 229  51   0   0 152 255
255 152   0   0  51 227 255 255 255 255 227  51   0   0 152 255
255 152   0   0  51 227 255 255 255 255 228  51   0   0 152 255
255 152   0   0  51 229 247 255 255 247 229  51   0   0 152 255
255 152   0   0  51 255 229 227 227 229 255  51   0   0 152 255
255 152   0   0  10  51  51  51  51  51  51  10   0   0 152 255
255 152   0   0   0   0   0   0   0   0   0   0   0   0 152 255
255 152   0   0   0   0   0   0   0   0   0   0   0   0 152 255
255 214 152 152 152 152 152 152 152 152 152 152 152 152 214 255
255 255 255 255 255 255 255 255 255 255 255 255 255 255 255 255
